create
GBD
1168010100106420000
1168010100106420001
1168010100106420002
1168010100106420003
1168010100106420004
1168010100106420005
1168010100106420006
1168010100106420007
1168010100106420008
1168010100106420009
1168010100106420010
1168010100106420011
1168010100106420012
1168010100106420013
1168010100106420014
1168010100106420015
1168010100106420016
1168010100106420017
1168010100106420018
1168010100106420019
1168010100106420020
1168010100106420021
1168010100106420024
1168010100106460000
1168010100106460004
1168010100106460005
1168010100106460006
1168010100106460007
1168010100106460008
1168010100106460009
1168010100106460011
1168010100106460012
1168010100106460013
1168010100106460014
1168010100106460015
1168010100106460016
1168010100106460017
1168010100106460018
1168010100106460020
1168010100106460022
1168010100106470000
1168010100106470001
1168010100106470002
1168010100106470003
1168010100106470004
1168010100106470005
1168010100106470006
1168010100106470007
1168010100106470008
1168010100106470009
1168010100106470011
1168010100106470012
1168010100106470013
1168010100106470014
1168010100106470015
1168010100106470019
1168010100106470020
1168010100106480000
1168010100106480001
1168010100106480002
1168010100106480003
1168010100106480004
1168010100106480005
1168010100106480006
1168010100106480007
1168010100106480008
1168010100106480009
1168010100106480019
1168010100106480020
1168010100106480021
1168010100106480022
1168010100106480023
1168010100106480024
1168010100106480025
1168010100106480026
1168010100106490000
1168010100106490001
1168010100106490002
1168010100106490003
1168010100106490004
1168010100106490005
1168010100106490006
1168010100106490007
1168010100106490008
1168010100106490009
1168010100106490010
1168010100106490011
1168010100106490014
1168010100106760000
1168010100106770000
1168010100106770001
1168010100106770002
1168010100106770003
1168010100106770004
1168010100106770005
1168010100106770006
1168010100106770007
1168010100106770008
1168010100106770009
1168010100106770010
1168010100106770011
1168010100106770012
1168010100106770013
1168010100106770014
1168010100106770015
1168010100106770016
1168010100106770017
1168010100106770018
1168010100106770019
1168010100106770020
1168010100106770021
1168010100106770022
1168010100106770023
1168010100106770024
1168010100106770025
1168010100106770026
1168010100106770028
1168010100106770029
1168010100106770030
1168010100106770031
1168010100106770034
1168010100106770035
1168010100106780000
1168010100106780001
1168010100106780002
1168010100106780003
1168010100106780004
1168010100106780005
1168010100106780006
1168010100106780007
1168010100106780008
1168010100106780009
1168010100106780010
1168010100106780011
1168010100106780012
1168010100106780013
1168010100106780014
1168010100106780015
1168010100106780016
1168010100106780017
1168010100106780018
1168010100106780019
1168010100106780020
1168010100106780021
1168010100106780022
1168010100106780023
1168010100106780024
1168010100106780025
1168010100106780026
1168010100106780027
1168010100106780028
1168010100106780029
1168010100106780030
1168010100106780031
1168010100106780032
1168010100106780033
1168010100106780034
1168010100106780035
1168010100106780036
1168010100106780037
1168010100106780038
1168010100106780039
1168010100106780040
1168010100106780041
1168010100106780042
1168010100106790000
1168010100106790001
1168010100106790004
1168010100106790005
1168010100107010000
1168010100107010001
1168010100107010002
1168010100107010007
1168010100107010008
1168010100107010009
1168010100107010010
1168010100107020000
1168010100107020001
1168010100107020002
1168010100107020003
1168010100107020004
1168010100107020005
1168010100107020006
1168010100107020007
1168010100107020008
1168010100107020009
1168010100107020010
1168010100107020013
1168010100107020014
1168010100107020015
1168010100107020016
1168010100107020017
1168010100107020019
1168010100107020021
1168010100107020022
1168010100107020023
1168010100107020024
1168010100107020025
1168010100107020028
1168010100107020029
1168010100107020030
1168010100107050000
1168010100107050001
1168010100107050002
1168010100107050003
1168010100107050004
1168010100107050005
1168010100107050006
1168010100107050007
1168010100107050008
1168010100107050009
1168010100107050010
1168010100107050011
1168010100107050012
1168010100107050013
1168010100107050014
1168010100107050015
1168010100107050016
1168010100107050017
1168010100107050018
1168010100107050019
1168010100107050020
1168010100107050021
1168010100107050022
1168010100107050023
1168010100107050024
1168010100107050025
1168010100107050026
1168010100107050027
1168010100107050028
1168010100107050030
1168010100107050032
1168010100107060000
1168010100107060001
1168010100107060009
1168010100107060010
1168010100107060011
1168010100107060012
1168010100107060013
1168010100107060015
1168010100107060016
1168010100107060017
1168010100107060018
1168010100107060019
1168010100107060020
1168010100107060024
1168010100107060025
1168010100107060026
1168010100107070001
1168010100107070002
1168010100107070003
1168010100107070004
1168010100107070005
1168010100107070006
1168010100107070007
1168010100107070008
1168010100107070009
1168010100107070010
1168010100107070011
1168010100107070012
1168010100107070013
1168010100107070014
1168010100107070015
1168010100107070016
1168010100107070017
1168010100107070018
1168010100107070019
1168010100107070020
1168010100107070022
1168010100107070023
1168010100107070024
1168010100107070025
1168010100107070026
1168010100107070027
1168010100107070028
1168010100107070029
1168010100107070030
1168010100107070032
1168010100107070033
1168010100107070034
1168010100107070035
1168010100107070038
1168010100107070039
1168010100107070040
1168010100107070041
1168010100107070042
1168010100107080000
1168010100107080001
1168010100107080002
1168010100107080003
1168010100107080004
1168010100107080005
1168010100107080006
1168010100107080007
1168010100107080008
1168010100107080010
1168010100107080012
1168010100107080013
1168010100107080014
1168010100107080015
1168010100107080016
1168010100107080020
1168010100107080022
1168010100107080023
1168010100107080024
1168010100107080025
1168010100107080026
1168010100107080027
1168010100107080028
1168010100107080029
1168010100107080030
1168010100107080031
1168010100107080032
1168010100107080033
1168010100107080034
1168010100107080035
1168010100107080036
1168010100107080037
1168010100107080038
1168010100107080041
1168010100107170000
1168010100107180000
1168010100107180001
1168010100107180002
1168010100107180003
1168010100107180005
1168010100107180009
1168010100107180010
1168010100107180011
1168010100107180012
1168010100107180013
1168010100107180014
1168010100107180015
1168010100107180016
1168010100107180017
1168010100107180018
1168010100107180020
1168010100107180024
1168010100107180025
1168010100107180026
1168010100107180027
1168010100107180028
1168010100107180029
1168010100107180030
1168010100107180031
1168010100107180032
1168010100107180033
1168010100107180034
1168010100107180035
1168010100107190000
1168010100107190001
1168010100107190002
1168010100107190003
1168010100107190004
1168010100107190005
1168010100107190006
1168010100107190007
1168010100107190008
1168010100107190009
1168010100107190010
1168010100107190011
1168010100107190012
1168010100107190013
1168010100107190014
1168010100107190016
1168010100107190017
1168010100107190018
1168010100107190019
1168010100107190020
1168010100107190021
1168010100107190022
1168010100107190023
1168010100107190024
1168010100107190026
1168010100107190027
1168010100107190028
1168010100107190031
1168010100107190032
1168010100107190033
1168010100107190034
1168010100107190035
1168010100107200000
1168010100107200001
1168010100107200002
1168010100107200003
1168010100107200004
1168010100107200005
1168010100107200006
1168010100107200007
1168010100107200009
1168010100107200010
1168010100107200011
1168010100107200012
1168010100107200013
1168010100107200014
1168010100107200015
1168010100107200016
1168010100107200017
1168010100107200018
1168010100107200019
1168010100107200021
1168010100107200022
1168010100107200023
1168010100107200024
1168010100107200025
1168010100107200033
1168010100107200034
1168010100107200035
1168010100107350000
1168010100107350001
1168010100107350002
1168010100107350003
1168010100107350004
1168010100107350005
1168010100107350007
1168010100107350008
1168010100107350009
1168010100107350010
1168010100107350011
1168010100107350015
1168010100107350016
1168010100107350017
1168010100107350018
1168010100107350019
1168010100107350020
1168010100107350021
1168010100107350022
1168010100107350023
1168010100107350024
1168010100107350025
1168010100107350027
1168010100107350029
1168010100107350030
1168010100107350031
1168010100107350032
1168010100107350033
1168010100107350034
1168010100107350035
1168010100107350036
1168010100107350037
1168010100107350041
1168010100107350045
1168010100107350046
1168010100107360000
1168010100107360001
1168010100107360006
1168010100107360007
1168010100107360008
1168010100107360009
1168010100107360016
1168010100107360017
1168010100107360018
1168010100107360019
1168010100107360020
1168010100107360021
1168010100107360022
1168010100107360024
1168010100107360028
1168010100107360031
1168010100107360032
1168010100107360035
1168010100107360036
1168010100107360037
1168010100107360038
1168010100107360039
1168010100107360040
1168010100107360041
1168010100107360042
1168010100107360044
1168010100107360045
1168010100107360046
1168010100107360049
1168010100107360050
1168010100107360051
1168010100107360052
1168010100107360053
1168010100107360054
1168010100107360055
1168010100107360056
1168010100107360058
1168010100107370000
1168010100107390000
1168010100108190000
1168010100108190001
1168010100108190002
1168010100108190003
1168010100108190004
1168010100108190005
1168010100108190006
1168010100108190007
1168010100108190008
1168010100108190009
1168010100108190010
1168010100108190012
1168010100108210000
1168010100108210001
1168010100108210002
1168010100108210003
1168010100108220000
1168010100108220001
1168010100108220002
1168010100108220003
1168010100108220004
1168010100108220005
1168010100108220007
1168010100108230000
1168010100108230001
1168010100108230002
1168010100108230003
1168010100108230004
1168010100108230005
1168010100108230006
1168010100108230007
1168010100108230008
1168010100108230009
1168010100108230010
1168010100108230011
1168010100108230012
1168010100108230013
1168010100108230014
1168010100108230015
1168010100108230016
1168010100108230019
1168010100108230020
1168010100108230021
1168010100108230022
1168010100108230023
1168010100108230024
1168010100108230025
1168010100108230026
1168010100108230030
1168010100108230031
1168010100108230032
1168010100108230033
1168010100108230034
1168010100108230035
1168010100108230036
1168010100108230037
1168010100108230038
1168010100108230039
1168010100108230040
1168010100108230041
1168010100108230042
1168010100108230043
1168010100108230044
1168010100108230048
1168010100108230049
1168010100108240000
1168010100108240001
1168010100108240002
1168010100108240003
1168010100108240005
1168010100108240006
1168010100108240007
1168010100108240008
1168010100108240009
1168010100108240011
1168010100108240012
1168010100108240013
1168010100108240014
1168010100108240015
1168010100108240016
1168010100108240017
1168010100108240018
1168010100108240019
1168010100108240020
1168010100108240021
1168010100108240022
1168010100108240023
1168010100108240024
1168010100108240025
1168010100108240027
1168010100108240028
1168010100108240029
1168010100108240038
1168010100108240039
1168010100108240041
1168010100108240046
1168010100108240049
1168010100108250000
1168010100108250001
1168010100108250002
1168010100108250003
1168010100108250004
1168010100108250005
1168010100108250006
1168010100108250007
1168010100108250008
1168010100108250009
1168010100108250010
1168010100108250011
1168010100108250012
1168010100108250013
1168010100108250014
1168010100108250015
1168010100108250017
1168010100108250018
1168010100108250019
1168010100108250020
1168010100108250021
1168010100108250022
1168010100108250024
1168010100108250025
1168010100108250026
1168010100108250027
1168010100108250029
1168010100108250030
1168010100108250031
1168010100108250033
1168010100108250034
1168010100108250035
1168010100108250036
1168010100108250037
1168010100108250038
1168010100108250039
1168010100106010000
1168010100106010001
1168010100106010002
1168010100106010003
1168010100106010004
1168010100106010005
1168010100106010006
1168010100106010007
1168010100106010008
1168010100106010009
1168010100106010010
1168010100106010011
1168010100106010012
1168010100106010013
1168010100106010014
1168010100106010015
1168010100106010016
1168010100106010017
1168010100106010018
1168010100106010019
1168010100106010020
1168010100106010021
1168010100106010022
1168010100106010023
1168010100106010024
1168010100106010025
1168010100106010026
1168010100106010027
1168010100106010028
1168010100106010029
1168010100106010030
1168010100106010031
1168010100106020000
1168010100106020001
1168010100106020002
1168010100106020003
1168010100106020004
1168010100106020005
1168010100106020006
1168010100106020007
1168010100106020008
1168010100106020009
1168010100106020011
1168010100106030000
1168010100106030001
1168010100106030003
1168010100106030004
1168010100106030005
1168010100106030006
1168010100106030007
1168010100106030011
1168010100106030012
1168010100106030013
1168010100106030014
1168010100106040000
1168010100106040001
1168010100106040002
1168010100106040003
1168010100106040005
1168010100106040006
1168010100106040007
1168010100106040008
1168010100106040009
1168010100106040011
1168010100106040013
1168010100106050000
1168010100106050001
1168010100106050003
1168010100106050006
1168010100106050007
1168010100106050008
1168010100106050009
1168010100106050010
1168010100106050011
1168010100106050012
1168010100106050013
1168010100106050017
1168010100106050021
1168010100106050022
1168010100106050023
1168010100106050026
1168010100106050027
1168010100106050028
1168010100106050029
1168010100106050030
1168010100106060000
1168010100106060003
1168010100106060004
1168010100106060005
1168010100106060006
1168010100106060007
1168010100106060008
1168010100106060009
1168010100106060010
1168010100106060011
1168010100106060012
1168010100106060013
1168010100106060015
1168010100106060016
1168010100106060018
1168010100106060022
1168010100106060024
1168010100106060028
1168010100106060033
1168010100106500000
1168010100106500001
1168010100106500002
1168010100106500003
1168010100106500005
1168010100106500006
1168010100106500007
1168010100106500008
1168010100106500009
1168010100106500011
1168010100106500015
1168010100106500016
1168010100106500017
1168010100106500018
1168010100106500019
1168010100106500020
1168010100106510000
1168010100106510001
1168010100106510002
1168010100106510003
1168010100106510005
1168010100106510006
1168010100106510007
1168010100106510008
1168010100106510011
1168010100106510012
1168010100106510013
1168010100106510014
1168010100106510015
1168010100106510016
1168010100106510017
1168010100106510018
1168010100106510019
1168010100106520000
1168010100106520001
1168010100106520003
1168010100106520005
1168010100106520006
1168010100106520007
1168010100106520008
1168010100106520009
1168010100106520010
1168010100106520013
1168010100106520015
1168010100106520016
1168010100106520017
1168010100106530000
1168010100106530001
1168010100106530002
1168010100106530003
1168010100106530005
1168010100106800000
1168010100106800001
1168010100106800002
1168010100106810000
1168010100106810001
1168010100106810002
1168010100106810003
1168010100106810004
1168010100106810005
1168010100106810006
1168010100106810008
1168010100106810009
1168010100106810010
1168010100106810011
1168010100106810012
1168010100106810013
1168010100106810014
1168010100106810015
1168010100106810016
1168010100106810017
1168010100106810018
1168010100106810019
1168010100106810020
1168010100106810021
1168010100106810022
1168010100106810023
1168010100106810024
1168010100106810025
1168010100106810026
1168010100106810027
1168010100106810028
1168010100106810029
1168010100106810030
1168010100106810031
1168010100106810032
1168010100106810034
1168010100106810035
1168010100106810036
1168010100106810037
1168010100106810038
1168010100106810039
1168010100106810040
1168010100106810041
1168010100106810042
1168010100106810043
1168010100106810046
1168010100106810047
1168010100106810048
1168010100106810050
1168010100106810051
1168010100106810052
1168010100106810058
1168010100106810060
1168010100106810063
1168010100106820000
1168010100106820001
1168010100106820004
1168010100106820005
1168010100106820006
1168010100106820007
1168010100106820008
1168010100106820009
1168010100106820010
1168010100106820011
1168010100106820012
1168010100106820013
1168010100106820014
1168010100106820015
1168010100106820016
1168010100106820017
1168010100106820018
1168010100106820019
1168010100106820020
1168010100106820021
1168010100106820023
1168010100106820025
1168010100106820026
1168010100106820027
1168010100108080000
1168010100108080001
1168010100108080002
1168010100108080003
1168010100108080004
1168010100108080005
1168010100108090000
1168010100108090001
1168010100108090002
1168010100108090003
1168010100108090004
1168010100108090006
1168010100108090007
1168010100108090008
1168010100108090009
1168010100108090010
1168010100108090011
1168010100108090012
1168010100108090013
1168010100108090016
1168010100108090017
1168010100108090018
1168010100108140000
1168010100108140001
1168010100108140003
1168010100108140005
1168010100108140006
1168010100108150000
1168010100108150001
1168010100108150002
1168010100108150003
1168010100108150004
1168010100108150005
1168010100108150006
1168010100108150007
1168010100108150008
1168010100108150009
1168010100108150010
1168010100108160000
1168010100108160001
1168010100108160002
1168010100108160003
1168010100108160004
1168010100108160005
1168010100108160006
1168010100108160007
1168010100108160008
1168010100108200000
1168010100108200001
1168010100108200002
1168010100108200003
1168010100108200005
1168010100108200008
1168010100108200009
1168010100108200010
1168010100108200011
1168010100108580025
1168010100108580026
1168010100108580046
1168010800101920000
1168010800101920001
1168010800101920002
1168010800101920003
1168010800101920004
1168010800101920005
1168010800101920006
1168010800101920007
1168010800101920008
1168010800101920009
1168010800101920010
1168010800101920012
1168010800101920013
1168010800101920014
1168010800101920015
1168010800101920016
1168010800101920019
1168010800101920021
1168010800101920022
1168010800101920023
1168010800101990000
1168010800101990001
1168010800101990002
1168010800101990004
1168010800101990005
1168010800101990006
1168010800101990007
1168010800101990011
1168010800101990012
1168010800101990013
1168010800101990014
1168010800101990015
1168010800101990017
1168010800101990018
1168010800101990019
1168010800101990020
1168010800101990024
1168010800102000000
1168010800102000002
1168010800102000003
1168010800102000006
1168010800102000007
1168010800102000011
1168010800102010001
1168010800102010002
1168010800102010003
1168010800102010004
1168010800102010005
1168010800102010006
1168010800102010007
1168010800102010008
1168010800102010009
1168010800102010010
1168010800102010011
1168010800102010012
1168010800102010013
1168010800102010019
1168010800102010020
1168010800102020000
1168010800102020002
1168010800102020003
1168010800102020004
1168010800102020005
1168010800102020007
1168010800102020009
1168010800102020010
1168010800102020011
1168010800102020016
1168010800102020018
1168010800102020019
1168010800102020020
1168010800102030000
1168010800102030001
1168010800102040000
1168010800102040001
1168010800102040002
1168010800102040003
1168010800102040004
1168010800102040005
1168010800102040006
1168010800102040007
1168010800102050000
1168010800102050001
1168010800102050002
1168010800102050003
1168010800102050005
1168010800102050008
1168010800102050009
1168010800102050015
1168010800102050016
1168010800102060000
1168010800102060001
1168010800102060003
1168010800102060004
1168010800102060005
1168010800102060006
1168010800102060007
1168010800102060008
1168010800102060010
1168010800102060011
1168010800102060014
1168010800102060015
1168010800102060016
1168010800102060017
1168010800102060019
1168010800102060020
1168010800102320000
1168010800102320001
1168010800102320002
1168010800102320003
1168010800102320004
1168010800102320005
1168010800102320006
1168010800102320008
1168010800102320009
1168010800102320011
1168010800102320012
1168010800102320013
1168010800102320014
1168010800102320015
1168010800102320016
1168010800102320017
1168010800102320019
1168010800102320021
1168010800102320023
1168010800102330000
1168010800102330001
1168010800102330002
1168010800102330003
1168010800102330004
1168010800102330005
1168010800102330006
1168010800102330007
1168010800102330008
1168010800102330009
1168010800102330010
1168010800102330011
1168010800102330012
1168010800102330013
1168010800102330014
1168010800102330015
1168010800102330016
1168010800102330017
1168010800102330018
1168010800102330019
1168010800102330021
1168010800102330022
1168010800102330024
1168010800102330025
1168010800102340000
1168010800102340001
1168010800102340002
1168010800102340003
1168010800102340004
1168010800102340005
1168010800102340007
1168010800102340008
1168010800102340009
1168010800102340010
1168010800102340012
1168010800102340013
1168010800102340014
1168010800102340015
1168010800102340017
1168010800102340018
1168010800102340019
1168010800102340020
1168010800102340021
1168010800102340023
1168010800102340024
1168010800102340025
1168010800102340026
1168010800102340027
1168010800102340028
1168010800102350000
1168010800102350001
1168010800102350003
1168010800102350004
1168010800102350005
1168010800102350006
1168010800102350007
1168010800102350008
1168010800102350009
1168010800102350010
1168010800102350011
1168010800102350013
1168010800102350014
1168010800102360000
1168010800102360003
1168010800102360004
1168010800102360005
1168010800102360006
1168010800102360007
1168010800102360008
1168010800102360009
1168010800102360011
1168010800102360014
1168010800102360015
1168010800102370000
1168010800102370001
1168010800102370002
1168010800102370003
1168010800102370004
1168010800102370005
1168010800102370006
1168010800102370007
1168010800102370008
1168010800102370009
1168010800102370010
1168010800102370011
1168010800102370012
1168010800102760001
1168010800102770000
1168010800102770001
1168010800102770002
1168010800102770003
1168010800102770005
1168010800102770006
1168010800102770007
1168010800102770008
1168010800102770010
1168010800102770011
1168010800102770012
1168010800102770013
1168010800102770014
1168010800102770015
1168010800102770017
1168010800102770018
1168010800102770019
1168010800102770020
1168010800102770021
1168010800102770022
1168010800102770025
1168010800102770026
1168010800102770027
1168010800102770029
1168010800102770031
1168010800102770032
1168010800102770033
1168010800102770035
1168010800102770036
1168010800102770037
1168010800102780000
1168010800102780001
1168010800102780002
1168010800102780003
1168010800102780004
1168010800102780005
1168010800102780006
1168010800102780007
1168010800102780008
1168010800102780010
1168010800102780011
1168010800102780012
1168010800102780013
1168010800102780014
1168010800102780016
1168010800102780017
1168010800102780019
1168010800102780020
1168010800102780022
1168010800102780023
1168010800102780024
1168010800102780030
1168010100106070000
1168010100106070001
1168010100106070002
1168010100106070004
1168010100106070005
1168010100106070007
1168010100106070009
1168010100106070010
1168010100106070011
1168010100106070012
1168010100106070013
1168010100106070014
1168010100106070015
1168010100106070016
1168010100106070017
1168010100106070018
1168010100106070019
1168010100106070020
1168010100106070021
1168010100106070022
1168010100106070023
1168010100106070024
1168010100106070025
1168010100106070026
1168010100106280000
1168010100106280001
1168010100106280002
1168010100106280003
1168010100106280004
1168010100106280005
1168010100106280006
1168010100106280007
1168010100106280008
1168010100106280009
1168010100106280010
1168010100106280011
1168010100106280012
1168010100106280013
1168010100106280014
1168010100106280015
1168010100106410000
1168010100106410001
1168010100106410002
1168010100106410003
1168010100106410006
1168010100106410007
1168010100106410008
1168010100106410009
1168010100106410010
1168010100106410011
1168010100106410012
1168010100106410013
1168010100106410014
1168010100106410015
1168010100106410016
1168010100106410017
1168010100106410018
1168010100106410020
1168010100106590000
1168010100106590001
1168010100106590002
1168010100106590003
1168010100106590004
1168010100106590005
1168010100106590006
1168010100106590007
1168010100106590008
1168010100106590009
1168010100106590010
1168010100106590011
1168010100106590012
1168010100106590013
1168010100106590014
1168010100106590015
1168010100106590016
1168010100106590017
1168010100106590018
1168010100106590019
1168010100106590020
1168010100106590021
1168010100106590022
1168010100106590023
1168010100106590024
1168010100106590025
1168010100106590026
1168010100106590028
1168010100106670000
1168010100106670001
1168010100106670002
1168010100106670003
1168010100106670004
1168010100106670005
1168010100106670006
1168010100106670007
1168010100106670008
1168010100106670009
1168010100106670010
1168010100106670011
1168010100106670012
1168010100106670013
1168010100106670014
1168010100106670015
1168010100106670016
1168010100106670017
1168010100106670018
1168010100106670019
1168010100106680000
1168010100106680001
1168010100106680002
1168010100106680003
1168010100106680004
1168010100106680005
1168010100106680006
1168010100106680007
1168010100106680008
1168010100106680009
1168010100106680010
1168010100106680011
1168010100106680012
1168010100106680014
1168010100106680015
1168010100106680016
1168010100106680017
1168010100106680018
1168010100106680019
1168010100106680020
1168010100106680021
1168010100106680024
1168010100108260000
1168010100108260001
1168010100108260002
1168010100108260003
1168010100108260004
1168010100108260006
1168010100108260007
1168010100108260008
1168010100108260009
1168010100108260010
1168010100108260011
1168010100108260014
1168010100108260020
1168010100108260021
1168010100108260022
1168010100108260023
1168010100108260024
1168010100108260025
1168010100108260026
1168010100108260027
1168010100108260028
1168010100108260029
1168010100108260030
1168010100108260031
1168010100108260032
1168010100108260034
1168010100108260035
1168010100108260036
1168010100108260037
1168010100108260038
1168010100108260039
1168010100108260040
1168010100108260041
1168010100108260043
1168010100108260044
1168010100108260045
1168010100108260046
1168010100108260047
1168010100108260048
1168010100108310000
1168010100108310003
1168010100108310004
1168010100108310005
1168010100108310006
1168010100108310007
1168010100108310008
1168010100108310011
1168010100108310012
1168010100108310013
1168010100108310014
1168010100108310015
1168010100108310016
1168010100108310017
1168010100108310018
1168010100108310019
1168010100108310020
1168010100108310021
1168010100108310022
1168010100108310023
1168010100108310024
1168010100108310025
1168010100108310026
1168010100108310027
1168010100108310028
1168010100108310029
1168010100108310030
1168010100108310031
1168010100108310032
1168010100108310033
1168010100108310034
1168010100108310035
1168010100108310036
1168010100108310037
1168010100108310038
1168010100108310040
1168010100108310041
1168010100108310042
1168010100108310043
1168010100108310044
1168010100108310045
1168010100108310046
1168010100108310047
1168010100108310048
1168010100108310055
1168010100108320000
1168010100108320001
1168010100108320002
1168010100108320003
1168010100108320004
1168010100108320005
1168010100108320006
1168010100108320007
1168010100108320008
1168010100108320009
1168010100108320010
1168010100108320011
1168010100108320012
1168010100108320013
1168010100108320014
1168010100108320015
1168010100108320016
1168010100108320018
1168010100108320021
1168010100108320022
1168010100108320023
1168010100108320024
1168010100108320025
1168010100108320026
1168010100108320027
1168010100108320028
1168010100108320029
1168010100108320030
1168010100108320031
1168010100108320032
1168010100108320033
1168010100108320040
1168010100108320041
1168010100108320042
1168010100108320043
1168010100108320056
1168010100108370000
1168010100108370001
1168010100108370002
1168010100108370003
1168010100108370004
1168010100108370007
1168010100108370008
1168010100108370009
1168010100108370010
1168010100108370011
1168010100108370012
1168010100108370013
1168010100108370014
1168010100108370015
1168010100108370016
1168010100108370017
1168010100108370018
1168010100108370019
1168010100108370022
1168010100108370023
1168010100108370024
1168010100108370026
1168010100108370031
1168010100108370033
1168010100108370036
1168010100108380000
1168010100108380001
1168010100108380002
1168010100108380003
1168010100108380004
1168010100108380005
1168010100108380006
1168010100108380007
1168010100108380008
1168010100108380009
1168010100108380010
1168010100108380011
1168010100108380013
1168010500101410000
1168010500101410001
1168010500101410002
1168010500101410003
1168010500101410004
1168010500101410006
1168010500101410007
1168010500101410008
1168010500101410009
1168010500101410010
1168010500101410011
1168010500101410012
1168010500101410015
1168010500101410016
1168010500101410017
1168010500101410019
1168010500101410020
1168010500101410021
1168010500101410026
1168010500101410028
1168010500101410029
1168010500101410030
1168010500101410031
1168010500101410032
1168010500101410033
1168010500101410034
1168010500101410035
1168010500101410036
1168010500101410037
1168010500101410038
1168010500101410040
1168010500101420000
1168010500101420001
1168010500101420002
1168010500101420003
1168010500101420005
1168010500101420006
1168010500101420007
1168010500101420011
1168010500101420012
1168010500101420013
1168010500101420014
1168010500101420016
1168010500101420017
1168010500101420018
1168010500101420019
1168010500101420020
1168010500101420021
1168010500101420022
1168010500101420023
1168010500101420024
1168010500101420026
1168010500101420027
1168010500101420028
1168010500101420029
1168010500101420031
1168010500101420032
1168010500101420033
1168010500101420034
1168010500101420035
1168010500101420036
1168010500101420037
1168010500101420038
1168010500101420039
1168010500101420040
1168010500101420041
1168010500101420042
1168010500101420043
1168010500101420046
1168010500101430000
1168010500101430001
1168010500101430002
1168010500101430003
1168010500101430004
1168010500101430005
1168010500101430006
1168010500101430007
1168010500101430008
1168010500101430009
1168010500101430010
1168010500101430011
1168010500101430012
1168010500101430013
1168010500101430014
1168010500101430015
1168010500101430016
1168010500101430017
1168010500101430019
1168010500101430020
1168010500101430021
1168010500101430022
1168010500101430023
1168010500101430024
1168010500101430025
1168010500101430026
1168010500101430027
1168010500101430028
1168010500101430029
1168010500101430030
1168010500101430031
1168010500101430032
1168010500101430033
1168010500101430034
1168010500101430035
1168010500101430037
1168010500101430038
1168010500101430039
1168010500101430040
1168010500101430042
1168010500101430043
1168010500101430044
1168010500101430045
1168010500101430046
1168010500101430047
1168010500101430048
1168010500101430049
1168010500101440000
1168010500101440001
1168010500101440002
1168010500101440003
1168010500101440004
1168010500101440005
1168010500101440006
1168010500101440007
1168010500101440008
1168010500101440010
1168010500101440011
1168010500101440012
1168010500101440014
1168010500101440017
1168010500101440018
1168010500101440019
1168010500101440020
1168010500101440021
1168010500101440022
1168010500101440023
1168010500101440024
1168010500101440025
1168010500101440026
1168010500101440027
1168010500101440028
1168010500101440029
1168010500101440030
1168010500101570000
1168010500101570001
1168010500101570002
1168010500101570003
1168010500101570004
1168010500101570005
1168010500101570006
1168010500101570007
1168010500101570008
1168010500101570010
1168010500101570011
1168010500101570012
1168010500101570013
1168010500101570014
1168010500101570015
1168010500101570016
1168010500101570017
1168010500101570018
1168010500101570019
1168010500101570021
1168010500101570022
1168010500101570023
1168010500101570027
1168010500101570029
1168010500101570031
1168010500101570033
1168010500101570035
1168010500101570036
1168010500101570037
1168010500101570038
1168010500101570039
1168010500101580000
1168010500101580001
1168010500101580002
1168010500101580003
1168010500101580004
1168010500101580005
1168010500101580006
1168010500101580007
1168010500101580009
1168010500101580010
1168010500101580011
1168010500101580012
1168010500101580013
1168010500101580014
1168010500101580015
1168010500101580016
1168010500101580017
1168010500101580018
1168010500101580019
1168010500101580020
1168010500101580021
1168010500101580022
1168010500101580023
1168010500101580024
1168010500101580025
1168010500101580026
1168010500101580027
1168010500101590000
1168010500101590001
1168010500101590006
1168010500101590007
1168010500101590008
1168010500101590009
1168010500101680000
1168010500101680001
1168010500101680002
1168010500101680003
1168010500101680004
1168010500101680005
1168010500101680006
1168010500101680008
1168010500101680012
1168010500101680016
1168010500101680018
1168010500101680019
1168010500101680020
1168010500101680021
1168010500101680022
1168010500101680023
1168010500101680026
1168010500101680027
1168010500101680028
1168010500101680029
1168010500101690000
1168010500101690001
1168010500101690004
1168010500101690005
1168010500101690006
1168010500101690008
1168010500101690009
1168010500101690010
1168010500101690011
1168010500101690012
1168010500101690013
1168010500101690014
1168010500101690019
1168010500101690020
1168010500101690021
1168010500101690022
1168010500101690023
1168010500101690024
1168010500101690025
1168010500101700000
1168010500101700001
1168010500101700002
1168010500101700003
1168010500101700004
1168010500101700005
1168010500101700007
1168010500101700008
1168010500101700009
1168010500101700011
1168010500101700012
1168010600108890000
1168010600108890001
1168010600108890002
1168010600108890003
1168010600108890004
1168010600108890005
1168010600108890006
1168010600108890007
1168010600108890008
1168010600108890009
1168010600108890010
1168010600108890011
1168010600108890012
1168010600108890013
1168010600108890019
1168010600108890020
1168010600108890021
1168010600108890022
1168010600108890023
1168010600108890024
1168010600108890025
1168010600108890026
1168010600108890027
1168010600108890028
1168010600108890029
1168010600108890030
1168010600108890033
1168010600108890034
1168010600108890035
1168010600108890036
1168010600108890037
1168010600108890038
1168010600108890039
1168010600108890040
1168010600108890041
1168010600108890045
1168010600108890047
1168010600108890049
1168010600108890050
1168010600108890051
1168010600108890052
1168010600108890053
1168010600108890054
1168010600108890055
1168010600108890056
1168010600108890057
1168010600108890058
1168010600108890059
1168010600108890060
1168010600108890061
1168010600108890062
1168010600108890063
1168010600108890065
1168010600108890066
1168010600108890067
1168010600108890068
1168010600108890069
1168010600108890070
1168010600108890071
1168010600108890072
1168010600108890074
1168010600108890075
1168010600108890078
1168010600108900000
1168010600108900006
1168010600108900007
1168010600108900008
1168010600108900009
1168010600108900010
1168010600108900011
1168010600108900012
1168010600108900013
1168010600108900014
1168010600108900015
1168010600108900016
1168010600108900020
1168010600108900026
1168010600108900027
1168010600108900028
1168010600108900029
1168010600108900030
1168010600108900031
1168010600108900032
1168010600108900033
1168010600108900034
1168010600108900036
1168010600108900038
1168010600108900039
1168010600108900040
1168010600108900041
1168010600108900042
1168010600108900043
1168010600108900044
1168010600108900045
1168010600108900047
1168010600108900048
1168010600108900049
1168010600108900054
1168010600108900055
1168010600108900056
1168010600108900059
1168010600108900060
1168010600108900061
1168010600108900062
1168010600108910000
1168010600108910006
1168010600108910008
1168010600108910009
1168010600108910010
1168010600108910011
1168010600108910012
1168010600108910013
1168010600108910014
1168010600108910016
1168010600108910023
1168010600108910024
1168010600108910025
1168010600108910026
1168010600108910027
1168010600108910028
1168010600108910029
1168010600108910030
1168010600108910031
1168010600108910032
1168010600108910033
1168010600108910034
1168010600108910035
1168010600108910036
1168010600108910037
1168010600108910038
1168010600108910039
1168010600108910040
1168010600108910041
1168010600108910042
1168010600108910043
1168010600108910044
1168010600108910045
1168010600108910046
1168010600108910047
1168010600108910048
1168010600108910049
1168010600108910050
1168010600108910051
1168010600108910052
1168010600108910053
1168010600108910054
1168010600108910055
1168010600108910056
1168010600108910057
1168010600108910058
1168010600108910059
1168010600108910060
1168010600108910061
1168010600108910062
1168010600108910063
1168010600108920000
1168010600109420000
1168010600109420001
1168010600109420002
1168010600109420003
1168010600109420004
1168010600109420005
1168010600109420006
1168010600109420007
1168010600109420008
1168010600109420010
1168010600109420013
1168010600109420015
1168010600109420016
1168010600109420017
1168010600109420018
1168010600109420019
1168010600109420020
1168010600109430000
1168010600109430001
1168010600109430002
1168010600109430003
1168010600109430004
1168010600109430005
1168010600109430006
1168010600109430007
1168010600109430008
1168010600109430009
1168010600109430010
1168010600109430011
1168010600109430012
1168010600109430013
1168010600109430014
1168010600109430015
1168010600109430016
1168010600109430017
1168010600109430019
1168010600109430023
1168010600109430024
1168010600109430026
1168010600109430027
1168010600109430029
1168010600109430030
1168010600109440000
1168010600109440001
1168010600109440011
1168010600109440020
1168010600109440021
1168010600109440022
1168010600109440023
1168010600109440024
1168010600109440025
1168010600109440026
1168010600109440027
1168010600109440028
1168010600109440029
1168010600109440030
1168010600109440031
1168010600109450000
1168010600109450001
1168010600109450002
1168010600109450003
1168010600109450004
1168010600109450005
1168010600109450006
1168010600109450007
1168010600109450008
1168010600109450010
1168010600109450011
1168010600109450012
1168010600109450013
1168010600109450014
1168010600109450015
1168010600109450016
1168010600109450017
1168010600109450018
1168010600109450020
1168010600109450021
1168010600109450022
1168010600109450023
1168010600109450024
1168010600109450025
1168010600109450026
1168010600109450027
1168010600109450028
1168010600109450029
1168010600109450030
1168010600109460000
1168010600109460001
1168010600109460004
1168010600109460005
1168010600109460008
1168010600109460010
1168010600109460011
1168010600109460012
1168010600109460013
1168010600109460014
1168010600109460015
1168010600109460016
1168010600109460018
1168010600109460019
1168010600109460020
1168010600109460021
1168010600109470000
1168010600109470001
1168010600109470002
1168010600109470003
1168010600109470004
1168010600109470005
1168010600109470006
1168010600109470007
1168010600109480000
1168010600109480002
1168010600109500000
1168010600109500001
1168010600109500002
1168010600109500003
1168010600109500004
1168010600109500005
1168010600109500006
1168010600109500007
1168010600109500008
1168010600109500009
1168010600109500010
1168010600109500011
1168010600109510000
1168010600109510002
1168010600109510003
1168010600109510006
1168010600109510007
1168010600109510008
1168010600109510009
1168010600109950007
1168010600109950008
1168010600109950009
1168010600109950010
1168010600109950011
1168010600109950012
1168010600109950013
1168010600109950014
1168010600109950016
1168010600109950021
1168010600109950022
1168010600109950023
1168010600109950024
1168010600109950025
1168010600109950026
1168010600109950027
1168010600109960000
1168010600109960001
1168010600109960006
1168010600109960007
1168010600109960008
1168010600109960009
1168010600109960012
1168010600109960014
1168010600109960015
1168010600109960016
1168010600109960017
1168010600109970000
1168010600109970001
1168010600109970002
1168010600109970003
1168010600109970004
1168010600109970008
1168010600109970009
1168010600109970010
1168010600109970011
1168010600109970012
1168010600109970013
1168010600109990000
1168010600109990001
1168010600109990002
1168010600109990003
1168010600109990004
1168010600109990005
1168010600109990006
1168010600109990007
1168010600109990008
1168010600109990009
1168010600109990010
1168010600109990011
1168010600109990012
1168010600110000000
1168010600110000001
1168010600110000002
1168010600110000003
1168010600110000004
1168010600110000005
1168010600110000006
1168010600110000007
1168010600110000008
1168010600110000009
1168010600110000010
1168010600110000012
1168010600110000014
1168010600110010000
1168010600110010001
1168010600110010003
1168010600110010004
1168010600110010005
1168010600110010006
1168010600110010008
1168010600110010009
1168010600110010010
1168010600110010011
1168010600110010013
1168010600110010014
1168010600110010015
1168010600110010016
1168010600110010018
1168010600110010020
1168010600110010021
1168010600110010022
1168010600110010023
1168010600110010024
1168010600110020000
1168010600110030000
1168010500100370000
1168010500100370002
1168010500100370003
1168010500100370005
1168010500100370006
1168010500100370007
1168010500100370008
1168010500100370010
1168010500100370011
1168010500100370012
1168010500100370013
1168010500100370015
1168010500100370016
1168010500100370017
1168010500100370018
1168010500100370019
1168010500100370020
1168010500100370022
1168010500100370025
1168010500100370028
1168010500100380000
1168010500100380001
1168010500100380002
1168010500100380003
1168010500100380005
1168010500100380006
1168010500100380007
1168010500100380009
1168010500100380010
1168010500100380011
1168010500100380013
1168010500100380014
1168010500100380015
1168010500100380016
1168010500100380018
1168010500100380019
1168010500100380023
1168010500100380024
1168010500100380025
1168010500100380026
1168010500100380029
1168010500100380030
1168010500100380032
1168010500100380033
1168010500100380034
1168010500100440000
1168010500100440001
1168010500100440003
1168010500100440004
1168010500100440005
1168010500100440006
1168010500100440007
1168010500100440008
1168010500100440009
1168010500100440010
1168010500100440011
1168010500100440012
1168010500100440013
1168010500100440014
1168010500100440015
1168010500100440016
1168010500100440017
1168010500100440018
1168010500100440020
1168010500100440021
1168010500100440022
1168010500100440023
1168010500100440024
1168010500100440025
1168010500100440026
1168010500100440027
1168010500100440028
1168010500100440029
1168010500100440031
1168010500100440032
1168010500100440033
1168010500100440034
1168010500100440036
1168010500100440037
1168010500100440038
1168010500100440039
1168010500100450000
1168010500100450001
1168010500100450002
1168010500100450005
1168010500100450006
1168010500100450007
1168010500100450009
1168010500100450010
1168010500100450012
1168010500100450015
1168010500100490000
1168010500100490001
1168010500100490002
1168010500100490003
1168010500100490004
1168010500100490005
1168010500100490006
1168010500100490007
1168010500100490009
1168010500100490010
1168010500100490011
1168010500100490012
1168010500100510000
1168010500100510001
1168010500100510002
1168010500100510003
1168010500100510004
1168010500100510005
1168010500100710000
1168010500100710002
1168010500100710003
1168010500100710006
1168010500100710007
1168010500100710008
1168010500100710014
1168010500100710015
1168010500100710016
1168010500100710024
1168010500100750003
1168010500100750004
1168010500100750005
1168010500100750006
1168010500100750008
1168010500101120000
1168010500101120001
1168010500101120002
1168010500101120005
1168010500101120008
1168010500101120009
1168010500101120010
1168010500101120011
1168010500101120013
1168010500101120014
1168010500101120015
1168010500101120016
1168010500101120018
1168010500101120019
1168010500101120020
1168010500101120021
1168010500101120022
1168010500101120023
1168010500101120024
1168010500101120025
1168010500101130000
1168010500101130001
1168010500101130002
1168010500101130003
1168010500101130005
1168010500101130006
1168010500101130007
1168010500101130008
1168010500101130010
1168010500101130011
1168010500101130012
1168010500101130014
1168010500101130015
1168010500101130016
1168010500101130017
1168010500101130019
1168010500101130022
1168010500101130023
1168010500101130024
1168010500101130026
1168010500101130027
1168010500101130030
1168010500101130031
1168010500101130032
1168010500101140000
1168010500101140001
1168010500101140002
1168010500101140003
1168010500101140004
1168010500101140005
1168010500101140006
1168010500101140007
1168010500101140008
1168010500101140009
1168010500101140010
1168010500101140011
1168010500101140013
1168010500101140014
1168010500101140015
1168010500101140016
1168010500101140017
1168010500101140018
1168010500101140019
1168010500101140020
1168010500101140021
1168010500101140022
1168010500101140023
1168010500101140025
1168010500101140026
1168010500101140027
1168010500101140029
1168010500101140030
1168010500101140031
1168010500101140032
1168010500101140034
1168010500101140035
1168010500101140036
1168010500101140037
1168010500101140038
1168010500101140039
1168010500101140040
1168010500101140041
1168010500101140042
1168010500101140043
1168010500101140044
1168010500101140045
1168010500101150000
1168010500101150001
1168010500101150003
1168010500101150004
1168010500101150005
1168010500101150006
1168010500101150007
1168010500101150008
1168010500101150010
1168010500101150011
1168010500101150012
1168010500101150014
1168010500101150015
1168010500101150016
1168010500101150017
1168010500101150018
1168010500101150019
1168010500101150021
1168010500101150022
1168010500101150027
1168010500101150028
1168010500101150029
1168010500101150030
1168010500101150031
1168010500101150032
1168010500101150033
1168010500101150034
1168010500101150035
1168010500101150036
1168010500101150037
1168010500101150038
1168010500101150039
1168010500101150041
1168010500101150042
1168010500101150043
1168010500101150044
1168010500101150045
1168010500101150046
1168010500101150049
1168010500101160000
1168010500101160001
1168010500101160002
1168010500101160003
1168010500101160004
1168010500101160005
1168010500101160006
1168010500101160007
1168010500101160008
1168010500101160009
1168010500101160010
1168010500101160011
1168010500101160012
1168010500101160014
1168010500101160015
1168010500101160017
1168010500101160018
1168010500101160019
1168010500101160020
1168010500101160021
1168010500101160022
1168010500101160024
1168010500101160025
1168010500101160026
1168010500101160027
1168010500101160028
1168010500101160029
1168010500101160030
1168010500101160031
1168010500101160032
1168010500101160033
1168010500101160034
1168010500101160036
1168010500101160037
1168010500101160038
1168010500101160039
1168010500101170000
1168010500101170001
1168010500101170002
1168010500101170003
1168010500101170004
1168010500101170005
1168010500101170006
1168010500101170007
1168010500101170009
1168010500101170010
1168010500101170011
1168010500101170012
1168010500101170013
1168010500101170014
1168010500101170015
1168010500101170016
1168010500101170017
1168010500101170018
1168010500101180000
1168010500101180001
1168010500101180002
1168010500101180003
1168010500101180004
1168010500101180005
1168010500101180006
1168010500101180007
1168010500101180008
1168010500101180010
1168010500101180011
1168010500101180012
1168010500101180013
1168010500101180014
1168010500101180015
1168010500101180016
1168010500101180017
1168010500101180018
1168010500101180020
1168010500101180021
1168010500101180022
1168010500101180023
1168010500101180024
1168010500101180025
1168010500101180026
1168010500101180027
1168010500101180028
1168010500101190000
1168010500101190001
1168010500101190002
1168010500101190003
1168010500101190004
1168010500101190007
1168010500101190008
1168010500101190009
1168010500101190010
1168010500101190011
1168010500101190012
1168010500101190013
1168010500101190015
1168010500101190016
1168010500101190017
1168010500101190020
1168010500101190021
1168010500101190022
1168010500101450000
1168010500101450001
1168010500101450002
1168010500101450003
1168010500101450004
1168010500101450005
1168010500101450007
1168010500101450008
1168010500101450009
1168010500101450010
1168010500101450011
1168010500101450012
1168010500101450014
1168010500101450016
1168010500101450018
1168010500101450019
1168010500101450020
1168010500101450021
1168010500101450022
1168010500101450023
1168010500101450026
1168010500101450029
1168010500101460000
1168010500101460001
1168010500101460002
1168010500101460005
1168010500101460007
1168010500101460010
1168010500101460011
1168010500101460013
1168010500101460014
1168010500101460015
1168010500101460016
1168010500101460017
1168010500101460018
1168010500101460019
1168010500101460020
1168010500101460021
1168010500101460022
1168010500101460023
1168010500101460024
1168010500101460025
1168010500101460026
1168010500101460027
1168010500101460028
1168010500101460030
1168010500101470000
1168010500101470002
1168010500101470003
1168010500101470004
1168010500101470005
1168010500101470006
1168010500101470007
1168010500101470008
1168010500101470010
1168010500101470011
1168010500101470012
1168010500101470013
1168010500101470014
1168010500101470015
1168010500101470016
1168010500101470017
1168010500101470018
1168010100106540000
1168010100106540003
1168010100106540006
1168010100106620000
1168010100106620001
1168010100106620003
1168010100106620004
1168010100106620005
1168010100106620006
1168010100106620007
1168010100106620009
1168010100106620010
1168010100106620011
1168010100106620012
1168010100106620013
1168010100106620014
1168010100106620015
1168010100106620016
1168010100106620017
1168010100106620018
1168010100106750000
1168010100106750001
1168010100106750002
1168010100106750003
1168010100106880000
1168010100106880001
1168010100106880002
1168010100106880003
1168010100106880004
1168010100106880005
1168010100106880006
1168010100106890000
1168010100106890001
1168010100106890002
1168010100106890003
1168010100106890004
1168010100106890006
1168010100106890007
1168010100106890008
1168010100106890009
1168010100106890010
1168010100106890011
1168010100106890012
1168010100106890014
1168010100106890016
1168010100106890017
1168010100106890018
1168010100106890019
1168010100106890020
1168010100106890021
1168010100106890022
1168010100106890023
1168010100106890024
1168010100106890025
1168010100106890026
1168010100106890027
1168010100106890031
1168010100106890032
1168010100106890033
1168010100106890034
1168010100107000000
1168010100107000001
1168010100107000002
1168010100107000003
1168010100107000004
1168010100107000005
1168010100107000006
1168010100107000008
1168010100107000010
1168010100107000011
1168010100107000012
1168010100107000013
1168010100107000014
1168010100107000015
1168010100107000016
1168010100107000017
1168010100107000018
1168010100107000019
1168010100107000020
1168010100107000021
1168010100107000022
1165010700107370000
1165010700107370003
1165010700107370005
1165010700107370006
1165010700107370007
1165010700107370008
1165010700107370009
1165010700107370010
1165010700107370011
1165010700107370013
1165010700107370014
1165010700107370015
1165010700107370016
1165010700107370017
1165010700107370018
1165010700107370019
1165010700107370020
1165010700107370023
1165010700107470000
1165010700107470001
1165010700107470002
1165010700107470003
1165010700107470005
1165010700107470008
1165010700107470009
1165010700107470010
1165010700107470011
1165010700107470012
1165010700107470013
1165010700107470014
1165010700107480000
1165010700107480001
1165010700107480002
1165010700107480004
1165010700107480005
1165010700107480006
1165010700107480007
1165010700107480008
1165010700107480009
1165010700107480010
1165010700107480011
1165010700107480012
1165010700107480014
1165010700107480015
1165010700107480016
1165010700107480017
1165010700107480018
1165010700107480019
1165010800113030003
1165010800113030006
1165010800113030007
1165010800113030008
1165010800113030009
1165010800113030010
1165010800113030014
1165010800113030015
1165010800113030016
1165010800113030022
1165010800113030023
1165010800113030030
1165010800113030031
1165010800113030032
1165010800113030033
1165010800113030034
1165010800113030035
1165010800113030036
1165010800113030037
1165010800113030038
1165010800113030040
1165010800113030043
1165010800113030044
1165010800113040000
1165010800113040002
1165010800113040003
1165010800113040004
1165010800113040005
1165010800113040006
1165010800113050000
1165010800113050001
1165010800113050002
1165010800113050003
1165010800113050005
1165010800113050006
1165010800113050007
1165010800113050008
1165010800113060000
1165010800113060001
1165010800113060002
1165010800113060003
1165010800113060004
1165010800113060005
1165010800113060006
1165010800113060007
1165010800113060008
1165010800113070000
1165010800113070001
1165010800113070002
1165010800113070003
1165010800113070004
1165010800113070005
1165010800113070006
1165010800113070007
1165010800113070009
1165010800113070010
1165010800113070011
1165010800113070012
1165010800113070013
1165010800113070014
1165010800113070015
1165010800113070016
1165010800113070018
1165010800113070019
1165010800113070020
1165010800113070021
1165010800113070022
1165010800113070023
1165010800113070025
1165010800113070026
1165010800113070027
1165010800113070028
1165010800113070029
1165010800113080000
1165010800113080001
1165010800113080002
1165010800113080004
1165010800113080005
1165010800113080006
1165010800113080007
1165010800113080010
1165010800113080011
1165010800113080012
1165010800113080013
1165010800113080014
1165010800113080015
1165010800113080016
1165010800113080017
1165010800113080018
1165010800113080019
1165010800113080020
1165010800113080021
1165010800113080022
1165010800113080023
1165010800113080024
1165010800113080025
1165010800113080026
1165010800113080027
1165010800113080028
1165010800113080029
1165010800113090000
1165010800113090001
1165010800113090002
1165010800113090005
1165010800113090006
1165010800113090008
1165010800113090009
1165010800113090010
1165010800113090011
1165010800113090012
1165010800113170000
1165010800113170001
1165010800113170002
1165010800113170003
1165010800113170004
1165010800113170005
1165010800113170006
1165010800113170007
1165010800113170009
1165010800113170010
1165010800113170011
1165010800113170013
1165010800113170014
1165010800113170015
1165010800113170016
1165010800113170017
1165010800113170018
1165010800113170019
1165010800113170020
1165010800113170023
1165010800113170024
1165010800113170025
1165010800113170026
1165010800113170027
1165010800113170028
1165010800113170029
1165010800113170030
1165010800113170031
1165010800113170032
1165010800113170033
1165010800113170034
1165010800113180000
1165010800113180001
1165010800113180002
1165010800113180003
1165010800113180004
1165010800113180005
1165010800113180006
1165010800113180008
1165010800113180009
1165010800113190005
1165010800113190006
1165010800113190008
1165010800113190009
1165010800113190010
1165010800113190011
1165010800113190012
1165010800113190013
1165010800113190014
1165010800113200000
1165010800113200010
1165010800113270000
1165010800113270001
1165010800113270002
1165010800113270003
1165010800113270004
1165010800113270005
1165010800113270006
1165010800113270007
1165010800113270008
1165010800113270010
1165010800113270011
1165010800113270012
1165010800113270013
1165010800113270014
1165010800113270015
1165010800113270017
1165010800113270018
1165010800113270019
1165010800113270020
1165010800113270021
1165010800113270022
1165010800113270023
1165010800113270024
1165010800113270025
1165010800113270027
1165010800113270029
1165010800113270033
1165010800113270034
1165010800113270035
1165010800113270049
1165010800113270050
1165010800113270052
1165010800113270053
1165010800113270054
1165010800113270055
1165010800113270057
1165010800113280000
1165010800113280001
1165010800113280002
1165010800113280003
1165010800113280007
1165010800113280010
1165010800113280011
1165010800113290000
1165010800113290002
1165010800113290003
1165010800113290004
1165010800113290005
1165010800113290006
1165010800113290007
1165010800113290008
1165010800113290009
1165010800113290010
1165010800113300000
1165010800113300003
1165010800113300004
1165010800113300005
1165010800113300006
1165010800113300007
1165010800113300008
1165010800113300009
1165010800113300010
1165010800113300011
1165010800113300012
1165010800113300013
1165010800113300014
1165010800113300015
1165010800113300016
1165010800113300017
1165010800113300018
1165010800113300019
1165010800113300020
1165010800113370000
1165010800113370001
1165010800113370002
1165010800113370003
1165010800113370004
1165010800113370006
1165010800113370007
1165010800113370008
1165010800113370009
1165010800113370011
1165010800113370013
1165010800113370014
1165010800113370015
1165010800113370017
1165010800113370018
1165010800113370019
1165010800113370020
1165010800113370021
1165010800113370022
1165010800113370027
1165010800113370028
1165010800113370030
1165010800113370031
1165010800113370032
1165010800113370033
1165010800113370034
1165010800113370036
1165010800113380000
1165010800113380001
1165010800113380004
1165010800113380005
1165010800113380006
1165010800113380007
1165010800113380008
1165010800113380010
1165010800113380011
1165010800113380012
1165010800113380020
1165010800113380021
1165010800113380023
1165010800113380025
1165010800113380026
1165010800113390000
1165010800113390001
1165010800113390002
1165010800113390004
1165010800113390007
1165010800113390009
1165010800113160000
1165010800113160001
1165010800113160002
1165010800113160003
1165010800113160004
1165010800113160005
1165010800113160013
1165010800113160014
1165010800113160015
1165010800113160017
1165010800113160018
1165010800113160019
1165010800113160020
1165010800113160021
1165010800113160022
1165010800113160023
1165010800113160024
1165010800113160025
1165010800113160026
1165010800113160027
1165010800113160028
1165010800113160029
1165010800113160030
1165010800113160031
1165010800113160033
1165010800113160034
1165010800113160035
1165010800113160041
1165010800113160042
1165010800113160043
1165010800113160044
1165010800113210000
1165010800113210001
1165010800113210002
1165010800113210003
1165010800113210004
1165010800113210005
1165010800113210006
1165010800113210007
1165010800113210008
1165010800113210009
1165010800113210011
1165010800113210015
1165010800113210020
1165010800113210037
1165010800113210038
1165010800113210039